{
  "id": "OB-017",
  "title": "Asteroid Surface Mapping",
  "description": "Rotate the grid 90 degrees clockwise as the probe orbits to track surface features.",
  "category": "⚙️ Onboard Systems",
  "difficulty": "Intermediate",
  "gridSize": 5,
  "timeLimit": null,
  "basePoints": 2,
  "requiredRankLevel": 1,
  "emojiSet": "tech_set1",
  "examples": [
    {
      "input": [[1,2,3,1,2], [3,1,2,3,1], [2,3,1,2,3], [1,2,3,1,2], [3,1,2,3,1]],
      "output": [[3,1,2,3,1], [1,2,3,1,2], [2,3,1,2,3], [3,1,2,3,1], [1,2,3,1,2]]
    },
    {
      "input": [[5,6,7,8,9], [0,1,2,3,4], [5,6,7,8,9], [0,1,2,3,4], [5,6,7,8,9]],
      "output": [[5,0,5,0,5], [6,1,6,1,6], [7,2,7,2,7], [8,3,8,3,8], [9,4,9,4,9]]
    },
    {
      "input": [[0,0,1,1,2], [2,3,3,4,4], [5,5,6,6,7], [7,8,8,9,9], [0,1,2,3,4]],
      "output": [[0,7,5,2,0], [1,8,5,3,0], [2,8,6,3,1], [3,9,6,4,1], [4,9,7,4,2]]
    }
  ],
  "testInput": [[4,5,6,7,8], [9,0,1,2,3], [4,5,6,7,8], [9,0,1,2,3], [4,5,6,7,8]],
  "testOutput": [[4,9,4,9,4], [5,0,5,0,5], [6,1,6,1,6], [7,2,7,2,7], [8,3,8,3,8]],
  "hints": [
    "Visualize the entire grid rotating like a wheel.",
    "Each corner moves to a new corner position after rotation."
  ]
}
